[app/ui]
version = 6.1.3
modtime = 1421519397.047274000

[app/launcher]
version = 6.1.3
modtime = 1421519397.060640000

[app/package/check_for_updates]
version = 6.1.3
modtime = 1421519397.064115000
