[app/ui]
version = 6.1.1
modtime = 1418161718.118534000

[app/launcher]
version = 6.1.1
modtime = 1418161718.120552000

[views/traffic_light_decorations]
owner = admin
version = 6.1.1
modtime = 1418164241.670243000

[views/traffic_light_examples]
version = 6.1.1
modtime = 1418243069.952919000
