[app/ui]
version = 8.0.0
modtime = 1573764037.475384100

[app/launcher]
version = 8.0.0
modtime = 1573764037.479381600

[app/install/install_source_checksum]
version = 8.0.0
modtime = 1574138958.554349700
