[app/ui]
version = 6.5.0
modtime = 1506963296.485904000

[app/launcher]
version = 6.5.0
modtime = 1506963296.502645000

[app/package/check_for_updates]
version = 6.5.0
modtime = 1506963296.506964000
