[app/install/install_source_checksum]
version = 7.2.3
modtime = 1550740772.493191000

[views/overview]
version = 7.2.3
modtime = 1550750098.767344000

[views/gpg13_pmc1]
version = 7.2.3
modtime = 1550750303.573171000
