[inputs/rest%3A%2F%2FLC_dashboard_counters]
version = 6.5.1
modtime = 1487061771.607957000

[inputs/rest%3A%2F%2FLC_license]
version = 6.5.1
modtime = 1487018930.777226000

[inputs/rest%3A%2F%2FLC_version]
version = 6.5.1
modtime = 1487018932.794364000
