[app/ui]
version = 6.6.1
modtime = 1498728994.341536000

[app/launcher]
version = 6.6.1
modtime = 1498728994.343609000

[mongodb/mongodb]
version = 6.6.1
modtime = 1499162291.745209000

[app/install/is_configured]
version = 6.6.1
modtime = 1499162292.743032000
