[app/ui]
version = 7.1.1
modtime = 1528648516.203864000

[app/launcher]
version = 7.1.1
modtime = 1528648516.205302000

[app/install/install_source_checksum]
version = 7.1.2
modtime = 1534805992.188984000
