[app/ui]
version = 5.0.3
modtime = 1384448079.547254000

[app/launcher]
version = 5.0.3
modtime = 1384448079.554744000
