[datamodels/nmap]
version = 6.3.3
modtime = 1455232386.888564000

[models/nmap]
version = 6.3.3
modtime = 1455232386.890871000
