[app/ui]
version = 9.3.0
modtime = 1722522653.996951000

[app/launcher]
version = 9.3.0
modtime = 1722522653.999966000
