[app/ui]
version = 7.2.0
modtime = 1555359073.562960000

[app/launcher]
version = 7.2.0
modtime = 1555359073.568264000

[app/package/check_for_updates]
version = 7.2.0
modtime = 1555359073.569515000

[props/source%3A%3A...trigger_logichub_stream_modalert.log%2A]
owner = albert@logichub.com
version = 7.2.0
modtime = 1571948160.205991000
