[app/ui]
version = 6.1.3
modtime = 1411485600.730669000

[app/launcher]
version = 6.1.3
modtime = 1411485600.731527000
