[app/ui]
version = 6.5.1
modtime = 1507980719.050765200

[app/launcher]
version = 6.5.1
modtime = 1507980719.097640100

[views/demo]
owner = admin
version = 6.5.1
modtime = 1508270777.450110400

[nav/default]
version = 6.5.1
modtime = 1508000861.029580500
