[app/ui]
version = 6.5.1
modtime = 1494921026.480093000

[app/launcher]
version = 6.5.1
modtime = 1494921026.483592000

[app/package/check_for_updates]
version = 6.5.1
modtime = 1494921026.485263000
