[passwords/credential%3A%3Aps_proxy%3A]
version = 7.3.1.1
modtime = 1570135018.609291000

[app/install/is_configured]
version = 7.3.1.1
modtime = 1570135018.632845000
