[nav/default]
version = 5.0.3
modtime = 1378944615.313168400

[views/timerecorder_dashbord]
version = 5.0.4
modtime = 1380160828.530653800
