[app/install/install_source_checksum]
version = 7.1.0
modtime = 1538029577.939615800

[appsetup/app_config]
version = 7.1.0
modtime = 1538045294.144751400

[app/install/is_configured]
version = 7.1.0
modtime = 1538045300.664557400
