[app/ui]
version = 6.0
modtime = 1390019945.129496000

[app/launcher]
version = 6.0
modtime = 1390019945.138920000
