[app/ui]
version = 6.3.3
modtime = 1465228931.874011400

[app/launcher]
version = 6.3.3
modtime = 1465228931.889011400

[app/package/check_for_updates]
version = 6.3.3
modtime = 1465228931.900011400

[app/install/state]
version = 6.3.3
modtime = 1465228898.686011400
