[app/ui]
version = 7.1.1
modtime = 1528649080.979978000

[app/launcher]
version = 7.1.1
modtime = 1528649080.981475000

[app/install/install_source_checksum]
version = 7.1.2
modtime = 1534805984.424740000
