[app/install/install_source_checksum]
version = 6.5.0
modtime = 1476697369.474456000

[alert_actions/room]
version = 6.5.0
modtime = 1476697378.023732000

[app/install/is_configured]
version = 6.5.0
modtime = 1476697378.027063000
