[app/ui]
version = 6.3.3
modtime = 1459344234.735590100

[app/launcher]
version = 6.3.3
modtime = 1459344234.741590100

[props/saint8_scandata]
owner = admin
version = 6.3.3
modtime = 1459346532.869871900

[app/install/state]
version = 6.3.3
modtime = 1459529923.298294000
