[app/install/install_source_checksum]
version = 8.1.1
modtime = 1608254163.248275000

[app/ui]
version = 8.1.1
modtime = 1608254350.843598000

[app/launcher]
version = 8.1.1
modtime = 1608254350.852651000

[app/package/check_for_updates]
version = 8.1.1
modtime = 1608254350.856570000
