[views/vnclowpot]
version = 7.1.0
modtime = 1528816121.081566000

[app/install/install_source_checksum]
version = 7.3.0
modtime = 1563721963.364672000
