[app/install/install_source_checksum]
version = 7.0.0
modtime = 1512176309.786347000

[views/Security_Monitoring]
version = 7.0.0
modtime = 1511984224.869447000

[views/Network_Activity]
version = 7.0.0
modtime = 1512000729.854535000

[views/Overview]
version = 7.0.0
modtime = 1512431040.385310000
