[savedsearches/dailyIndexGBTotal]
version = 6.0.3
modtime = 1402702981.240464000

[savedsearches/hourlyIndexGBTotal]
version = 6.0.3
modtime = 1402720830.998131000

[savedsearches/Yesterday%27s%20Volume]
version = 6.1.3
modtime = 1413489581.656155000

[views/license_dashboard]
version = 6.0.3
modtime = 1402812020.619759000
