[app/ui]
version = 7.1.1
modtime = 1528595057.967594000

[app/launcher]
version = 7.1.1
modtime = 1528595057.970311000

[views/adp_overview]
version = 7.1.1
modtime = 1528602935.763156000

[app/install/install_source_checksum]
version = 7.1.2
modtime = 1534806001.941678000
