[alert_actions/pushover]
version = 6.3.0
modtime = 1445770439.509452000

[app/install/is_configured]
version = 6.3.0
modtime = 1445770439.524850000
