[app/install/install_source_checksum]
version = 6.5.2
modtime = 1485528618.406267000

[urlexpander/settings]
version = 6.5.2
modtime = 1485808167.437242000

[app/install/is_configured]
version = 6.5.2
modtime = 1485808168.517358000
