[app/install/install_source_checksum]
version = 6.4.1
modtime = 1467905046.503412000

[app/ui]
version = 6.4.1
modtime = 1466802184.736694000

[app/launcher]
version = 6.4.1
modtime = 1466802184.743997000

[app/package/check_for_updates]
version = 6.4.1
modtime = 1466802184.746264000
