[views/home]
version = 7.3.1
modtime = 1594808065.457672300

[macros/splunk_memory_usage]
version = 7.3.1
modtime = 1594719963.839307900

[macros/splunk_cpu_usage]
version = 7.3.1
modtime = 1594719972.646752000

[views/searchdata]
version = 7.3.1
modtime = 1594807719.982531000
