[app/ui]
version = 8.2.5
modtime = 1646893178.666165400

[app/launcher]
version = 8.2.5
modtime = 1646893178.691160100

[views/emojis]
owner = admin
version = 8.2.5
modtime = 1646895206.819974900

[nav/default]
version = 8.2.5
modtime = 1646894178.335676400
