[app/ui]
version = 6.1.3
modtime = 1408131758.505951000

[app/launcher]
version = 6.1.3
modtime = 1408131758.509155000

[app/package/check_for_updates]
version = 6.1.3
modtime = 1408131758.509923000
