[app/install]
version = 4.3.3
modtime = 1357255299.138233900

[app/extrahop_metrics]
owner = jguarini
version = 4.3.3
modtime = 1357255299.278633900

[inputs/script%3A%2F%2F%24SPLUNK_HOME%2Fetc%2Fapps%2Fextrahop_metrics%2Fbin%2Fget_exstats_wrapper.py]
version = 4.3.3
modtime = 1357316155.629640700

[inputs/script%3A%2F%2F%24SPLUNK_HOME%5Cetc%5Capps%5Cextrahop_metrics%5Cbin%5Cget_exstats_wrapper.py]
version = 4.3.3
modtime = 1357317149.365240700
