[app/install/install_source_checksum]
version = 9.0.1
modtime = 1673456503.945704000

[inputs/http%3A%2F%2FBlue%20Prism%20Collector]
version = 9.0.1
modtime = 1673551889.632911300
