[app/ui]
version = 6.2.2
modtime = 1426383299.684633000

[app/launcher]
version = 6.2.2
modtime = 1426383299.688088000

[views/firewall_dropped_traffic_reporter]
owner = admin
version = 6.2.2
modtime = 1426642873.536317000

[app/install/install_source_checksum]
version = 6.2.2
modtime = 1426642807.510049000
