[app/ui]
version = 7.2.3
modtime = 1548713151.001555000

[app/launcher]
version = 7.2.3
modtime = 1548713151.002780000
