[app/install/install_source_checksum]
version = 6.2.0
modtime = 1421796871.201247000

[props/access_combined/FIELDALIAS-FIELD_ALIASES_access_combined]
version = 6.2.0
modtime = 1421887068.252098000

[views/traffic_watch_ip_addresses]
version = 6.2.0
modtime = 1426965695.745186000

[views/traffic_watch_sites]
version = 6.2.0
modtime = 1426965674.245096000
