[app/ui]
version = 9.3.0
modtime = 1732087519.178397900

[app/launcher]
version = 9.3.0
modtime = 1732087519.184382500
