[views/batch_plan_example]
version = 7.0.1
modtime = 1559655786.997500000

[views/batch_plan_legend]
version = 7.0.1
modtime = 1559655805.741500000
