[app/ui]
version = 4.2.4
modtime = 1321312472.176143000

[app/launcher]
version = 4.2.4
modtime = 1321312472.177803000

[app/package/check_for_updates]
version = 4.2.4
modtime = 1321312472.181138000
