[database/PhishX]
version = 6.2.0
modtime = 1418736961.491459000

[savedsearches/PhishX%20-%20Portal%20Data]
version = 6.2.0
modtime = 1418736961.618608000

[app/install/is_configured]
version = 6.2.0
modtime = 1418736962.275225000

[views/PhishX_overview]
version = 6.2.0
modtime = 1418735826.028989000
