[views/default]
version = 7.3.3
modtime = 1615571972.047202000

[views/styling]
version = 7.3.3
modtime = 1614537231.667905000

[views/custom_table_icon_set_rangemap]
version = 7.3.3
modtime = 1615572059.591891000
