[inputs/gmail_disable_audit%3A%2F%2FDisableAudit]
owner = 198905
version = 8.0.5
modtime = 1613602970.117787000

[inputs/gmail_enforce_audit%3A%2F%2FEnforceAudit]
version = 8.0.5
modtime = 1613602980.929122000

[inputs/gmail_retrieve_audit_data%3A%2F%2FRetrieveGmailAudit]
version = 8.0.5
modtime = 1613602675.859448000

[inputs/gsuite_directory_user_list%3A%2F%2FGSuiteDirectoryList]
version = 8.0.5
modtime = 1613602975.391635000
