[macros/mac_time_series_outlier]
version = 6.6.1
modtime = 1508871696.022019000

[macros/mac_first_time_seen]
version = 6.6.1
modtime = 1508871696.022019001

[savedsearches/Time_Series_Outlier]
version = 6.6.1
modtime = 1508946729.680915000

[savedsearches/FirstTimeSeen]
version = 6.6.1
modtime = 1508946729.680915001
