[app/install/install_source_checksum]
version = 8.1.0
modtime = 1631869410.156968800

[app/install/is_configured]
version = 8.1.0
modtime = 1631869410.475022300
