[app/ui]
version = 6.3.0
modtime = 1443649480.678186000

[app/launcher]
version = 6.3.0
modtime = 1443649480.682828000

[views/config_modeler]
version = 6.3.0
modtime = 1444078733.700371000
