[app/credential%3A%3Aadmin%3A]
owner = admin
version = 6.0.3
modtime = 1398406579.260476500

[nfi_pages/nfi]
version = 6.0.3
modtime = 1398406579.276101500

[app/install/is_configured]
version = 6.0.3
modtime = 1398406579.322976500
