[app/ui]
version = 6.2.2
modtime = 1446533640.230951000

[app/launcher]
version = 6.2.2
modtime = 1446533640.234540000
