[eventtypes/api-keys]
version = 5.0.1
modtime = 1362504819.420909000

[app/install/is_configured]
version = 5.0.2
modtime = 1365140234.724975000


