[app/ui]
version = 5.0.4
modtime = 1383330672.742425000

[app/launcher]
version = 5.0.4
modtime = 1383330672.745661000

[app/package/check_for_updates]
version = 5.0.4
modtime = 1383330672.785722000
