[app/install/install_source_checksum]
version = 8.2.1
modtime = 1628784824.915436000

[views/dt__device_based_licensing]
version = 8.2.1
modtime = 1628784937.588448000
