[app/ui]
version = 5.0.1
modtime = 1361905492.083411000

[app/launcher]
version = 5.0.1
modtime = 1361905492.084155000
