[app/ui]
version = 6.5.1
modtime = 1487018275.372606000

[app/launcher]
version = 6.5.1
modtime = 1487018275.374160000
