[app/install/install_source_checksum]
version = 8.0.6
modtime = 1604905909.260133800

[app/install/state]
version = 8.0.6
modtime = 1599804374.577793300

[views/secret_server_dashboard]
version = 8.0.6
modtime = 1599805373.410735100
